453239
429357
444516
439307
455700
438187
435637
426897
439310
446237
454329
430501
451790
445211
444188
436679
437185
461591
453135
432181
434083
441205
428426
452759
434342
441959
423925
333330
239203
237920
444279
281938
338681
409723
287177
392451
466508
392450
335596
494870
237782
424940
410336
404788
470371
177324
331297
467700
138404
303188
468795
333987
371705
492758
353754
497063
471117
296976
388890
324980
445452
311089
236436
374574
328487
488554
486876
492350
465964
365791
301129
314399
437775
497485
376585
307195
315905
342021
245515
446458
389925
387438
335703
437433
314837
463012
268148
478219
378140
460319
463118
399786
381635
265061
438092
498354
488546
433259
380264
196500