#
v 0 0
v 1 0
v 2 0
v 3 0
v 4 0
v 5 0
v 6 0
v 7 3
v 8 0
v 9 0
v 10 0
v 11 0
v 12 3
e 0 1 0
e 1 2 0
e 2 3 0
e 3 4 1
e 2 5 1
e 5 6 0
e 6 7 0
e 1 8 1
e 8 9 0
e 9 10 1
e 10 11 0
e 11 12 0

#
v 0 0
v 1 0
v 2 0
v 3 0
v 4 3
v 5 0
v 6 0
v 7 0
v 8 0
v 9 0
e 0 1 0
e 1 2 0
e 2 3 0
e 3 4 0
e 1 5 1
e 5 6 0
e 6 7 1
e 7 8 0
e 5 9 0

#
v 0 0
v 1 0
v 2 0
v 3 3
v 4 0
v 5 0
v 6 0
v 7 0
v 8 3
v 9 3
v 10 0
e 0 1 0
e 1 2 0
e 2 3 0
e 1 4 1
e 4 5 0
e 5 6 1
e 6 7 0
e 7 0 1
e 7 8 0
e 6 9 0
e 4 10 0

#
v 0 0
v 1 0
v 2 0
v 3 3
v 4 0
v 5 0
v 6 0
v 7 3
v 8 0
e 0 1 0
e 1 2 0
e 2 3 0
e 2 4 1
e 1 5 1
e 5 6 0
e 0 7 0
e 0 8 1

#
v 0 0
v 1 0
v 2 0
v 3 3
v 4 0
v 5 3
v 6 0
v 7 0
v 8 0
v 9 0
e 0 1 0
e 1 2 0
e 2 3 0
e 2 4 1
e 4 5 0
e 1 6 1
e 6 7 0
e 7 8 1
e 0 9 1

#
v 0 0
v 1 0
v 2 3
v 3 0
v 4 0
v 5 3
v 6 0
v 7 0
v 8 0
v 9 3
e 0 1 0
e 1 2 0
e 1 3 1
e 3 4 0
e 4 5 0
e 4 6 1
e 0 7 1
e 7 8 0
e 8 9 0

#
v 0 0
v 1 0
v 2 0
v 3 0
v 4 0
v 5 4
v 6 3
e 0 1 0
e 1 2 0
e 2 3 1
e 3 4 0
e 4 5 0
e 3 6 0

#
v 0 0
v 1 0
v 2 0
v 3 0
v 4 0
v 5 0
v 6 0
v 7 0
v 8 3
v 9 0
v 10 0
v 11 0
v 12 0
e 0 1 0
e 1 2 0
e 2 3 1
e 3 4 0
e 4 5 1
e 5 6 0
e 6 7 1
e 5 8 0
e 1 9 1
e 9 10 0
e 10 11 1
e 9 12 0

#
v 0 0
v 1 0
v 2 0
v 3 3
v 4 0
v 5 0
v 6 0
v 7 0
v 8 0
v 9 0
v 10 0
e 0 1 0
e 1 2 0
e 2 3 0
e 2 4 1
e 0 5 1
e 5 6 0
e 6 7 0
e 7 8 1
e 8 9 0
e 9 10 1

#
v 0 0
v 1 0
v 2 0
v 3 3
v 4 0
v 5 0
v 6 0
v 7 0
v 8 0
v 9 0
v 10 0
e 0 1 0
e 1 2 0
e 2 3 0
e 2 4 1
e 4 5 0
e 1 6 1
e 6 7 0
e 7 8 1
e 8 9 0
e 8 10 0

#
v 0 0
v 1 0
v 2 0
v 3 0
v 4 0
v 5 3
v 6 0
v 7 3
v 8 0
v 9 0
v 10 3
e 0 1 0
e 1 2 0
e 2 3 1
e 3 4 0
e 4 5 0
e 4 6 1
e 3 7 0
e 1 8 1
e 8 9 0
e 9 10 0

#
v 0 0
v 1 0
v 2 0
v 3 3
v 4 0
v 5 3
v 6 0
v 7 3
e 0 1 0
e 1 2 0
e 2 3 0
e 2 4 1
e 4 5 0
e 0 6 1
e 6 7 0

#
v 0 0
v 1 0
v 2 0
v 3 0
v 4 0
v 5 0
v 6 0
v 7 0
v 8 3
v 9 0
v 10 0
v 11 0
v 12 0
v 13 0
e 0 1 0
e 1 2 0
e 2 3 1
e 3 4 0
e 4 5 1
e 5 6 0
e 6 7 1
e 7 8 0
e 1 9 1
e 9 10 0
e 10 11 1
e 0 12 1
e 12 13 0

#
v 0 0
v 1 0
v 2 0
v 3 0
v 4 0
v 5 0
v 6 0
v 7 0
v 8 0
v 9 3
v 10 0
v 11 0
v 12 3
e 0 1 0
e 1 2 0
e 2 3 1
e 3 4 0
e 4 5 1
e 5 6 0
e 1 7 1
e 7 8 0
e 8 9 0
e 8 10 1
e 10 11 0
e 7 12 0

#
v 0 0
v 1 0
v 2 0
v 3 3
v 4 0
v 5 3
v 6 0
v 7 0
v 8 0
v 9 0
v 10 0
v 11 0
v 12 0
e 0 1 0
e 1 2 0
e 2 3 0
e 2 4 1
e 4 5 0
e 1 6 1
e 6 7 0
e 7 8 1
e 8 9 0
e 9 10 1
e 0 11 1
e 11 12 0

#
v 0 0
v 1 0
v 2 0
v 3 0
v 4 0
v 5 0
v 6 0
v 7 0
v 8 0
v 9 3
v 10 0
e 0 1 0
e 1 2 0
e 2 3 0
e 3 4 1
e 1 5 1
e 5 6 0
e 6 7 1
e 7 8 0
e 7 9 0
e 5 10 0

#
v 0 0
v 1 0
v 2 0
v 3 0
v 4 0
v 5 0
v 6 0
v 7 0
v 8 0
v 9 0
v 10 0
v 11 0
e 0 1 0
e 1 2 0
e 2 3 0
e 2 4 1
e 4 5 0
e 5 6 1
e 6 7 0
e 7 8 0
e 8 9 1
e 9 10 0
e 10 11 1

#
v 0 0
v 1 0
v 2 0
v 3 0
v 4 0
v 5 0
v 6 3
v 7 3
v 8 3
v 9 3
e 0 1 0
e 1 2 0
e 2 3 0
e 3 4 0
e 4 5 0
e 5 6 0
e 5 7 0
e 3 8 0
e 0 9 0

#
v 0 0
v 1 0
v 2 0
v 3 0
v 4 3
v 5 0
v 6 0
v 7 0
v 8 0
v 9 0
v 10 0
v 11 0
v 12 3
e 0 1 0
e 1 2 0
e 2 3 0
e 3 4 0
e 3 5 1
e 2 6 1
e 6 7 0
e 1 8 1
e 8 9 0
e 9 10 1
e 10 11 0
e 10 12 0

#
v 0 0
v 1 0
v 2 0
v 3 0
v 4 3
v 5 0
v 6 0
v 7 3
v 8 0
v 9 0
v 10 0
e 0 1 0
e 1 2 0
e 2 3 0
e 3 4 0
e 3 5 1
e 5 6 0
e 6 7 0
e 2 8 1
e 8 9 0
e 8 10 0

#
v 0 0
v 1 0
v 2 0
v 3 0
v 4 0
v 5 0
v 6 0
v 7 0
v 8 0
v 9 3
v 10 0
v 11 3
v 12 0
e 0 1 0
e 1 2 0
e 2 3 1
e 3 4 0
e 4 5 0
e 5 6 1
e 4 7 1
e 7 8 0
e 8 9 0
e 8 10 1
e 10 11 0
e 1 12 1

#
v 0 0
v 1 0
v 2 0
v 3 0
v 4 3
v 5 0
v 6 0
v 7 0
e 0 1 0
e 1 2 0
e 2 3 0
e 3 4 0
e 3 5 1
e 5 6 0
e 0 7 1

#
v 0 0
v 1 0
v 2 0
v 3 0
v 4 0
v 5 3
v 6 0
v 7 3
v 8 0
v 9 0
v 10 0
v 11 0
e 0 1 0
e 1 2 0
e 2 3 1
e 3 4 0
e 4 5 0
e 4 6 1
e 6 7 0
e 1 8 1
e 8 9 0
e 9 10 0
e 10 11 1

#
v 0 0
v 1 0
v 2 0
v 3 0
v 4 3
v 5 0
v 6 3
v 7 0
v 8 0
v 9 0
v 10 3
v 11 0
v 12 0
v 13 3
e 0 1 0
e 1 2 0
e 2 3 0
e 3 4 0
e 3 5 1
e 5 6 0
e 2 7 1
e 7 8 0
e 8 9 1
e 9 10 0
e 0 11 1
e 11 12 0
e 12 13 0

#
v 0 0
v 1 0
v 2 0
v 3 3
v 4 0
v 5 0
v 6 0
v 7 0
v 8 0
v 9 3
v 10 0
e 0 1 0
e 1 2 0
e 2 3 0
e 1 4 1
e 4 5 0
e 5 6 1
e 6 7 0
e 7 8 1
e 8 9 0
e 4 10 0

#
v 0 0
v 1 0
v 2 0
v 3 0
v 4 0
v 5 0
v 6 3
v 7 0
v 8 3
v 9 0
v 10 0
v 11 0
e 0 1 0
e 1 2 0
e 2 3 0
e 2 4 1
e 4 5 0
e 5 6 0
e 5 7 1
e 7 8 0
e 1 9 1
e 9 10 0
e 10 11 1

#
v 0 0
v 1 0
v 2 0
v 3 0
v 4 3
v 5 0
v 6 0
v 7 0
v 8 0
v 9 0
v 10 0
v 11 3
e 0 1 0
e 1 2 0
e 2 3 0
e 3 4 0
e 3 5 1
e 5 6 0
e 6 7 1
e 0 8 1
e 8 9 0
e 9 10 1
e 10 11 0

#
v 0 0
v 1 0
v 2 0
v 3 0
v 4 3
v 5 0
v 6 0
v 7 0
v 8 0
v 9 3
v 10 0
v 11 0
v 12 3
e 0 1 0
e 1 2 0
e 2 3 0
e 3 4 0
e 3 5 1
e 5 6 0
e 6 7 1
e 7 8 0
e 5 9 0
e 1 10 1
e 10 11 0
e 11 12 0

#
v 0 0
v 1 0
v 2 0
v 3 0
v 4 3
v 5 0
v 6 0
v 7 0
v 8 3
v 9 0
v 10 0
v 11 0
v 12 3
e 0 1 0
e 1 2 0
e 2 3 0
e 3 4 0
e 3 5 1
e 2 6 1
e 6 7 0
e 7 8 0
e 1 9 1
e 9 10 0
e 0 11 1
e 11 12 0

#
v 0 0
v 1 0
v 2 0
v 3 0
v 4 0
v 5 0
v 6 3
v 7 0
v 8 3
v 9 0
v 10 0
v 11 0
v 12 0
e 0 1 0
e 1 2 0
e 2 3 0
e 3 4 1
e 4 5 0
e 5 6 0
e 5 7 1
e 4 8 0
e 2 9 1
e 0 10 1
e 10 11 0
e 11 12 1

#
v 0 0
v 1 0
v 2 0
v 3 0
v 4 0
v 5 0
v 6 0
v 7 0
v 8 3
v 9 0
v 10 3
e 0 1 0
e 1 2 0
e 2 3 0
e 3 4 0
e 4 5 1
e 5 6 0
e 6 7 1
e 5 8 0
e 0 9 1
e 9 10 0

#
v 0 0
v 1 0
v 2 0
v 3 0
v 4 0
v 5 0
v 6 0
v 7 0
v 8 0
v 9 0
v 10 0
e 0 1 0
e 1 2 0
e 2 3 0
e 3 4 1
e 4 5 0
e 2 6 1
e 6 7 0
e 7 8 1
e 6 9 0
e 1 10 1

#
v 0 0
v 1 0
v 2 3
v 3 0
v 4 4
v 5 0
e 0 1 0
e 1 2 0
e 1 3 1
e 3 4 0
e 4 5 0

#
v 0 0
v 1 0
v 2 0
v 3 3
v 4 0
v 5 0
v 6 0
v 7 3
v 8 0
v 9 0
v 10 3
v 11 0
v 12 0
v 13 3
e 0 1 0
e 1 2 0
e 2 3 0
e 2 4 1
e 4 5 0
e 5 6 1
e 4 7 0
e 0 8 1
e 8 9 0
e 9 10 0
e 9 11 1
e 11 12 0
e 11 13 0

#
v 0 0
v 1 0
v 2 0
v 3 0
v 4 0
v 5 3
v 6 0
v 7 0
v 8 0
v 9 0
v 10 0
v 11 3
e 0 1 0
e 1 2 0
e 2 3 1
e 3 4 0
e 4 5 0
e 4 6 1
e 0 7 1
e 7 8 0
e 8 9 1
e 9 10 0
e 9 11 0

#
v 0 0
v 1 0
v 2 0
v 3 0
v 4 0
v 5 0
v 6 0
v 7 3
v 8 0
v 9 0
v 10 3
v 11 0
v 12 0
v 13 0
v 14 3
e 0 1 0
e 1 2 0
e 2 3 1
e 3 4 0
e 4 5 1
e 5 6 0
e 6 7 0
e 1 8 1
e 8 9 0
e 9 10 0
e 0 11 1
e 11 12 0
e 12 13 1
e 13 14 0

#
v 0 0
v 1 0
v 2 0
v 3 0
v 4 0
v 5 0
v 6 0
v 7 0
v 8 0
v 9 0
v 10 0
v 11 0
v 12 3
e 0 1 0
e 1 2 0
e 2 3 0
e 3 4 1
e 2 5 1
e 5 6 0
e 5 7 0
e 1 8 1
e 8 9 0
e 9 10 1
e 10 11 0
e 11 12 0

#
v 0 0
v 1 0
v 2 4
v 3 3
v 4 0
v 5 0
v 6 0
v 7 0
v 8 3
e 0 1 0
e 1 2 0
e 2 3 0
e 1 4 1
e 4 5 0
e 5 6 1
e 0 7 1
e 7 8 0

#
v 0 0
v 1 0
v 2 0
v 3 0
v 4 0
v 5 0
v 6 3
v 7 0
v 8 3
e 0 1 0
e 1 2 0
e 2 3 0
e 3 4 1
e 4 5 0
e 4 6 0
e 1 7 1
e 7 8 0

#
v 0 0
v 1 0
v 2 0
v 3 0
v 4 0
v 5 0
v 6 0
v 7 0
v 8 0
v 9 0
v 10 3
v 11 0
v 12 0
v 13 3
v 14 3
e 0 1 0
e 1 2 0
e 2 3 0
e 3 4 1
e 4 5 0
e 2 6 1
e 6 7 0
e 1 8 1
e 8 9 0
e 9 10 0
e 9 11 1
e 11 12 0
e 12 13 0
e 11 14 0

#
v 0 0
v 1 0
v 2 0
v 3 0
v 4 0
v 5 0
v 6 3
v 7 0
v 8 3
v 9 0
v 10 0
v 11 0
v 12 0
v 13 0
e 0 1 0
e 1 2 0
e 2 3 0
e 3 4 1
e 4 5 0
e 5 6 0
e 5 7 1
e 4 8 0
e 2 9 1
e 1 10 1
e 10 11 0
e 11 12 1
e 0 13 1

#
v 0 0
v 1 0
v 2 0
v 3 0
v 4 3
v 5 0
v 6 0
v 7 0
v 8 3
v 9 0
v 10 3
v 11 0
v 12 0
v 13 0
e 0 1 0
e 1 2 0
e 2 3 0
e 3 4 0
e 3 5 1
e 2 6 1
e 6 7 0
e 7 8 0
e 7 9 1
e 9 10 0
e 0 11 1
e 11 12 0
e 12 13 1

#
v 0 0
v 1 0
v 2 0
v 3 0
v 4 0
v 5 0
v 6 0
v 7 0
v 8 3
v 9 0
v 10 0
v 11 0
v 12 3
e 0 1 0
e 1 2 0
e 2 3 1
e 3 4 0
e 4 5 1
e 5 6 0
e 6 7 1
e 7 8 0
e 1 9 1
e 9 10 0
e 10 11 1
e 9 12 0

#
v 0 0
v 1 0
v 2 0
v 3 0
v 4 0
v 5 0
v 6 0
v 7 0
v 8 0
v 9 0
v 10 3
v 11 0
e 0 1 0
e 1 2 0
e 2 3 1
e 3 4 0
e 4 5 1
e 5 6 0
e 6 1 1
e 0 7 1
e 7 8 0
e 8 9 1
e 9 10 0
e 7 11 0

#
v 0 0
v 1 0
v 2 0
v 3 0
v 4 0
v 5 3
v 6 0
v 7 0
v 8 0
v 9 0
v 10 0
v 11 3
e 0 1 0
e 1 2 0
e 2 3 1
e 3 4 0
e 4 5 0
e 4 6 1
e 6 7 0
e 7 1 1
e 7 8 0
e 8 9 1
e 9 10 0
e 9 11 0

#
v 0 0
v 1 0
v 2 0
v 3 0
v 4 0
v 5 0
v 6 0
v 7 0
v 8 3
v 9 0
v 10 0
v 11 0
v 12 0
e 0 1 0
e 1 2 0
e 2 3 0
e 3 4 1
e 4 5 0
e 5 6 1
e 6 7 0
e 7 8 0
e 1 9 1
e 9 10 0
e 10 11 1
e 11 12 0

#
v 0 0
v 1 0
v 2 0
v 3 3
v 4 0
v 5 0
v 6 0
v 7 0
v 8 3
v 9 0
v 10 0
v 11 0
v 12 0
v 13 0
v 14 0
e 0 1 0
e 1 2 0
e 2 3 0
e 2 4 1
e 4 5 0
e 5 6 1
e 6 7 0
e 6 8 0
e 0 9 1
e 9 10 0
e 10 11 1
e 11 12 0
e 12 13 1
e 13 14 0

#
v 0 0
v 1 0
v 2 0
v 3 0
v 4 0
v 5 0
v 6 0
v 7 3
v 8 0
v 9 0
v 10 3
v 11 0
v 12 0
e 0 1 0
e 1 2 0
e 2 3 0
e 3 4 0
e 4 5 1
e 5 6 0
e 6 7 0
e 6 8 1
e 8 9 0
e 5 10 0
e 1 11 1
e 11 12 0

#
v 0 0
v 1 0
v 2 0
v 3 0
v 4 0
v 5 0
v 6 0
v 7 0
v 8 0
v 9 3
v 10 0
v 11 3
v 12 0
v 13 0
e 0 1 0
e 1 2 0
e 2 3 1
e 3 4 0
e 4 5 0
e 5 6 1
e 4 7 1
e 7 8 0
e 8 9 0
e 8 10 1
e 10 11 0
e 1 12 1
e 12 13 0

#
v 0 0
v 1 0
v 2 0
v 3 0
v 4 0
v 5 3
v 6 0
v 7 0
v 8 3
v 9 0
v 10 0
v 11 0
v 12 0
e 0 1 0
e 1 2 0
e 2 3 1
e 3 4 0
e 4 5 0
e 4 6 1
e 6 7 0
e 7 8 0
e 7 9 1
e 1 10 1
e 10 11 0
e 11 12 0

