#
v 0 1
v 1 2
v 2 2
v 3 2
v 4 2
v 5 2
v 6 2
v 7 2
v 8 2
v 9 2
v 10 2
e 0 1 0
e 1 2 0
e 2 3 1
e 3 4 0
e 4 5 0
e 4 6 1
e 6 7 0
e 7 8 1
e 0 9 0
e 9 10 0

#
v 0 2
v 1 2
v 2 2
v 3 2
v 4 2
v 5 2
v 6 2
v 7 2
e 0 1 0
e 1 2 0
e 2 3 0
e 3 4 0
e 4 5 1
e 2 6 0
e 6 7 0

#
v 0 2
v 1 2
v 2 2
v 3 2
v 4 2
v 5 2
v 6 2
v 7 2
v 8 2
v 9 2
v 10 2
e 0 1 0
e 1 2 0
e 2 3 0
e 3 4 1
e 2 5 1
e 5 6 0
e 6 7 1
e 1 8 1
e 8 9 0
e 0 10 1

#
v 0 1
v 1 2
v 2 2
v 3 2
v 4 2
v 5 2
v 6 2
v 7 2
v 8 2
e 0 1 0
e 1 2 0
e 0 3 0
e 3 4 1
e 4 5 0
e 5 6 1
e 6 7 0
e 6 8 0

#
v 0 1
v 1 2
v 2 2
v 3 2
v 4 2
v 5 2
e 0 1 0
e 1 2 0
e 2 3 0
e 2 4 1
e 0 5 1

#
v 0 1
v 1 2
v 2 2
v 3 2
v 4 2
v 5 2
v 6 2
v 7 2
e 0 1 0
e 1 2 0
e 2 3 1
e 3 4 0
e 4 5 1
e 5 6 0
e 6 1 1
e 0 7 1

#
v 0 2
v 1 2
v 2 2
v 3 2
v 4 2
v 5 2
v 6 2
v 7 2
v 8 2
v 9 2
v 10 2
v 11 2
e 0 1 0
e 1 2 0
e 2 3 0
e 3 4 0
e 4 5 0
e 5 6 0
e 6 7 1
e 7 8 0
e 8 9 1
e 1 10 1
e 10 11 0

#
v 0 0
v 1 2
v 2 2
v 3 2
v 4 2
v 5 2
v 6 2
v 7 2
e 0 1 1
e 1 2 0
e 2 3 1
e 3 4 0
e 1 5 0
e 5 6 1
e 6 7 0

#
v 0 1
v 1 2
v 2 2
v 3 2
v 4 2
v 5 2
v 6 2
v 7 2
v 8 2
v 9 2
v 10 2
v 11 2
v 12 2
v 13 2
e 0 1 0
e 1 2 0
e 2 3 0
e 3 4 1
e 4 5 0
e 2 6 1
e 6 7 0
e 0 8 0
e 8 9 0
e 8 10 1
e 10 11 0
e 11 12 1
e 12 13 0

#
v 0 1
v 1 2
v 2 2
v 3 2
v 4 2
v 5 2
v 6 2
e 0 1 0
e 1 2 0
e 2 3 0
e 2 4 1
e 1 5 1
e 0 6 0

#
v 0 2
v 1 2
v 2 2
v 3 2
v 4 2
v 5 2
v 6 2
v 7 2
v 8 2
v 9 2
v 10 2
v 11 2
v 12 2
e 0 1 0
e 1 2 0
e 2 3 1
e 3 4 0
e 4 5 1
e 5 6 0
e 6 7 1
e 7 8 0
e 8 9 1
e 0 10 1
e 10 11 0
e 11 12 1

#
v 0 2
v 1 2
v 2 2
v 3 2
v 4 2
v 5 2
v 6 2
v 7 2
v 8 2
v 9 2
v 10 2
e 0 1 0
e 1 2 0
e 2 3 0
e 3 4 0
e 4 5 0
e 5 6 1
e 4 7 1
e 7 8 0
e 8 9 1
e 3 10 0

#
v 0 0
v 1 2
v 2 1
v 3 2
v 4 2
v 5 2
v 6 2
e 0 1 1
e 1 2 0
e 2 3 0
e 3 4 0
e 4 5 0
e 1 6 0

#
v 0 0
v 1 2
v 2 2
v 3 2
v 4 2
v 5 2
v 6 2
e 0 1 1
e 1 2 0
e 2 3 0
e 3 4 0
e 2 5 1
e 5 6 0

#
v 0 2
v 1 2
v 2 2
v 3 2
v 4 2
v 5 2
v 6 2
v 7 2
v 8 2
e 0 1 0
e 1 2 0
e 2 3 0
e 3 4 1
e 4 5 0
e 5 6 1
e 1 7 1
e 7 8 0

#
v 0 1
v 1 2
v 2 2
v 3 2
v 4 2
v 5 2
v 6 2
v 7 2
v 8 2
v 9 2
v 10 2
v 11 2
v 12 2
v 13 2
e 0 1 0
e 1 2 0
e 2 3 0
e 3 4 1
e 4 5 0
e 5 6 1
e 2 7 1
e 0 8 0
e 8 9 0
e 8 10 1
e 10 11 0
e 11 12 1
e 12 13 0

#
v 0 2
v 1 2
v 2 2
v 3 2
v 4 2
v 5 2
v 6 2
e 0 1 0
e 1 2 0
e 2 3 1
e 3 4 0
e 4 5 1
e 5 6 0
e 6 1 1

#
v 0 1
v 1 2
v 2 2
v 3 2
v 4 2
v 5 2
v 6 2
v 7 2
v 8 2
v 9 2
v 10 2
v 11 2
e 0 1 0
e 1 2 0
e 2 3 0
e 3 4 1
e 4 5 0
e 5 6 1
e 6 7 0
e 0 8 0
e 8 9 0
e 0 10 0
e 10 11 0

#
v 0 1
v 1 2
v 2 2
v 3 2
v 4 2
v 5 2
v 6 2
v 7 2
v 8 2
v 9 2
e 0 1 0
e 1 2 0
e 2 3 0
e 3 4 0
e 4 5 1
e 5 6 0
e 6 7 1
e 7 8 0
e 8 3 1
e 0 9 0

#
v 0 0
v 1 2
v 2 2
v 3 2
v 4 2
v 5 2
v 6 2
e 0 1 0
e 1 2 0
e 2 3 0
e 1 4 0
e 0 5 0
e 5 6 0

#
v 0 0
v 1 2
v 2 1
v 3 2
v 4 2
v 5 2
v 6 2
v 7 2
v 8 2
e 0 1 1
e 1 2 0
e 2 3 0
e 3 4 0
e 4 5 1
e 5 6 0
e 6 7 1
e 7 8 0

#
v 0 1
v 1 2
v 2 2
v 3 2
v 4 2
v 5 2
v 6 2
v 7 2
v 8 2
e 0 1 0
e 1 2 1
e 2 3 0
e 3 4 1
e 4 5 0
e 5 6 1
e 6 7 0
e 2 8 0

#
v 0 2
v 1 2
v 2 2
v 3 2
v 4 2
v 5 2
v 6 2
v 7 2
v 8 2
v 9 2
e 0 1 0
e 1 2 0
e 2 3 0
e 3 4 0
e 4 5 1
e 5 6 0
e 6 7 1
e 3 8 1
e 8 9 0

#
v 0 0
v 1 2
v 2 2
v 3 2
v 4 2
v 5 2
v 6 2
e 0 1 1
e 1 2 0
e 2 3 0
e 3 4 0
e 4 5 0
e 5 6 1

#
v 0 0
v 1 2
v 2 1
v 3 2
v 4 2
v 5 2
v 6 2
v 7 2
v 8 2
v 9 2
e 0 1 1
e 1 2 0
e 2 3 0
e 3 4 0
e 3 5 1
e 5 6 0
e 1 7 0
e 7 8 0
e 8 9 0

#
v 0 1
v 1 2
v 2 2
v 3 2
v 4 2
v 5 2
v 6 2
v 7 2
e 0 1 0
e 1 2 0
e 2 3 0
e 3 4 0
e 4 5 1
e 2 6 1
e 0 7 0

#
v 0 1
v 1 1
v 2 2
v 3 2
v 4 2
e 0 1 0
e 1 2 1
e 2 3 0
e 3 4 0

#
v 0 1
v 1 2
v 2 2
v 3 2
v 4 2
v 5 2
v 6 2
v 7 2
e 0 1 0
e 1 2 0
e 0 3 0
e 3 4 1
e 4 5 0
e 5 6 1
e 4 7 0

#
v 0 2
v 1 3
v 2 2
v 3 2
e 0 1 0
e 1 2 0
e 2 3 1

#
v 0 1
v 1 2
v 2 2
v 3 2
v 4 2
v 5 2
v 6 2
v 7 2
v 8 2
v 9 2
e 0 1 0
e 1 2 1
e 2 3 0
e 3 4 0
e 4 5 0
e 4 6 1
e 6 7 0
e 7 8 1
e 8 9 0

#
v 0 2
v 1 2
v 2 2
v 3 2
v 4 2
v 5 2
v 6 2
v 7 2
v 8 2
e 0 1 0
e 1 2 0
e 2 3 0
e 3 4 1
e 4 5 0
e 5 6 0
e 5 7 1
e 1 8 1

#
v 0 2
v 1 2
v 2 2
v 3 2
v 4 2
v 5 2
v 6 2
v 7 2
v 8 2
v 9 2
v 10 2
v 11 2
e 0 1 0
e 1 2 0
e 2 3 0
e 3 4 0
e 4 5 0
e 5 6 0
e 6 7 0
e 7 8 0
e 8 9 0
e 9 10 0
e 10 11 0

#
v 0 2
v 1 2
v 2 2
v 3 2
v 4 2
v 5 2
v 6 2
v 7 2
v 8 2
v 9 2
e 0 1 0
e 1 2 0
e 2 3 0
e 3 4 0
e 4 5 0
e 5 6 1
e 4 7 1
e 7 8 0
e 8 9 1

#
v 0 0
v 1 2
v 2 2
v 3 2
v 4 2
v 5 2
v 6 2
v 7 2
v 8 2
v 9 2
e 0 1 0
e 1 2 0
e 2 3 0
e 3 4 0
e 4 5 1
e 5 6 0
e 6 7 1
e 7 8 0
e 8 9 1

#
v 0 2
v 1 2
v 2 2
v 3 2
v 4 2
v 5 2
v 6 2
v 7 2
v 8 2
v 9 2
v 10 2
v 11 2
e 0 1 0
e 1 2 0
e 2 3 0
e 3 4 0
e 4 5 0
e 5 6 0
e 6 7 1
e 7 8 0
e 1 9 1
e 9 10 0
e 10 11 1

#
v 0 2
v 1 2
v 2 2
v 3 2
v 4 2
v 5 2
v 6 2
v 7 2
e 0 1 0
e 1 2 0
e 2 3 0
e 2 4 1
e 4 5 0
e 5 6 1
e 1 7 1

#
v 0 0
v 1 2
v 2 2
v 3 2
v 4 2
v 5 0
v 6 2
e 0 1 0
e 1 2 0
e 2 3 0
e 2 4 1
e 1 5 1
e 0 6 0

#
v 0 0
v 1 2
v 2 2
v 3 2
v 4 2
v 5 2
v 6 2
v 7 2
v 8 2
v 9 2
e 0 1 1
e 1 2 0
e 2 3 1
e 3 4 0
e 4 5 0
e 4 6 1
e 6 7 0
e 7 8 1
e 8 9 0

#
v 0 2
v 1 2
v 2 2
v 3 2
v 4 2
v 5 2
v 6 2
v 7 2
v 8 2
e 0 1 0
e 1 2 0
e 2 3 0
e 3 4 0
e 4 5 1
e 2 6 1
e 1 7 1
e 7 8 0

#
v 0 1
v 1 2
v 2 2
v 3 2
v 4 2
v 5 2
v 6 2
v 7 2
v 8 2
v 9 2
v 10 2
e 0 1 0
e 1 2 0
e 2 3 1
e 3 4 0
e 4 5 0
e 5 6 1
e 6 7 0
e 7 8 1
e 4 9 1
e 0 10 0

#
v 0 1
v 1 2
v 2 2
v 3 2
v 4 2
v 5 2
v 6 2
v 7 2
v 8 2
v 9 2
e 0 1 0
e 1 2 0
e 1 3 1
e 0 4 1
e 4 5 0
e 5 6 1
e 6 7 0
e 7 8 1
e 8 9 0

#
v 0 0
v 1 2
v 2 2
v 3 2
v 4 2
v 5 2
v 6 2
e 0 1 0
e 1 2 0
e 2 3 0
e 1 4 0
e 4 5 0
e 0 6 0

#
v 0 1
v 1 2
v 2 2
v 3 2
v 4 2
v 5 2
v 6 2
v 7 2
v 8 2
v 9 2
v 10 2
v 11 2
e 0 1 0
e 1 2 0
e 2 3 0
e 3 4 1
e 0 5 0
e 5 6 0
e 6 7 1
e 7 8 0
e 8 9 1
e 9 10 0
e 0 11 0

#
v 0 2
v 1 2
v 2 2
v 3 2
v 4 2
v 5 2
v 6 2
v 7 2
e 0 1 0
e 1 2 0
e 2 3 0
e 3 4 1
e 2 5 1
e 5 6 0
e 5 7 0

#
v 0 1
v 1 2
v 2 2
v 3 2
v 4 2
v 5 2
v 6 2
e 0 1 0
e 1 2 0
e 2 3 0
e 3 4 0
e 3 5 1
e 1 6 1

#
v 0 2
v 1 2
v 2 2
v 3 2
v 4 2
v 5 2
v 6 2
v 7 2
v 8 2
v 9 2
e 0 1 0
e 1 2 0
e 2 3 0
e 3 4 0
e 4 5 1
e 5 6 0
e 6 7 1
e 2 8 0
e 0 9 1

#
v 0 1
v 1 2
v 2 2
v 3 2
v 4 2
v 5 2
v 6 2
e 0 1 0
e 1 2 0
e 2 3 0
e 3 4 0
e 3 5 1
e 1 6 0

#
v 0 0
v 1 2
v 2 2
v 3 2
v 4 2
v 5 2
v 6 2
v 7 2
v 8 2
v 9 2
e 0 1 1
e 1 2 0
e 2 3 0
e 3 4 0
e 4 5 1
e 5 6 0
e 6 7 1
e 7 8 0
e 8 9 1

#
v 0 1
v 1 2
v 2 2
v 3 2
v 4 2
v 5 2
v 6 2
v 7 2
v 8 2
v 9 2
v 10 2
e 0 1 0
e 1 2 0
e 1 3 1
e 3 4 0
e 4 5 1
e 0 6 1
e 6 7 0
e 7 8 1
e 8 9 0
e 9 10 1

#
v 0 0
v 1 2
v 2 2
v 3 2
v 4 2
v 5 2
v 6 2
v 7 2
v 8 2
e 0 1 0
e 1 2 0
e 2 3 0
e 0 4 0
e 4 5 0
e 5 6 1
e 6 7 0
e 7 8 1

