101 4
101 29
101 466
101 11899
101 344
101 2306
101 28
101 2527
101 4697
101 75
101 12125
101 7921
101 567
101 741
101 12231
101 3736
101 6675
101 2632
101 6495
101 4253
101 1766
101 9715
101 169
101 876
101 206
101 8653
101 483
101 27
101 992
101 643
101 6123
101 2718
101 1656
101 69
101 1526
101 86
101 288
101 1044
101 4901
101 10904
101 721
101 156
101 100
101 364
101 11
101 2376
101 205
101 5214
101 247
101 5
101 248
101 161
101 207
101 13
101 190
101 441
101 2095
101 130
101 275
101 1955
101 3256
8537 2
15 2
29 418
5663 4459
15 1195
628 625
458 331
101 355
101 15
101 628
1 2
2 1
1 16
16 1
1 185
185 1
10001 10002
10002 10001
1001 1002
1002 1001
10003 10004
10004 10003
10005 10006
10006 10005
10007 10008
10008 10007
10007 10009
10009 10007
10008 10009
10009 10008
10010 10011
10011 10010
10010 10012
10012 10010
10011 10012
10012 10011
1044 101
10904 101
11899 101
10013 10570
10570 10013
10013 10571
10571 10013
10013 11908
11908 10013
12125 101
12231 101
130 101
1002 4378
4378 1002
1002 4497
4497 1002
1526 101
156 101
161 101
1656 101
169 101
1766 101
190 101
10020 10021
10021 10020
1955 101
205 101
206 101
207 101
2095 101
1003 1004
1004 1003
1003 1005
1005 1003
1003 10702
10702 1003
10022 10576
10576 10022
1003 2148
2148 1003
2306 101
10024 10025
10025 10024
1003 3580
3580 1003
2376 101
10025 14915
14915 10025
247 101
248 101
10026 10027
10027 10026
2527 101
1003 5426
5426 1003
10027 11189
11189 10027
10027 11190
11190 10027
10027 11301
11301 10027
2632 101
10028 10029
10029 10028
2718 101
275 101
10029 12055
12055 10029
10029 12056
12056 10029
10029 14609
14609 10029
288 101
10030 14506
14506 10030
10031 10032
10032 10031
1004 1005
1005 1004
10032 10867
10867 10032
10033 10034
10034 10033
10033 11308
11308 10033
3256 101
10034 11308
11308 10034
10035 10036
10036 10035
10035 10037
10037 10035
344 101
10036 10037
10037 10036
10036 15066
15066 10036
10036 15067
15067 10036
10036 15068
15068 10036
355 101
10037 15066
15066 10037
10037 15067
15067 10037
10037 15068
15068 10037
364 101
10038 10039
10039 10038
10038 14927
14927 10038
10038 14928
14928 10038
3736 101
10042 10043
10043 10042
1005 14494
14494 1005
1005 14495
14495 1005
10043 10137
10137 10043
10043 10138
10138 10043
10043 10962
10962 10043
10043 12300
12300 10043
4253 101
441 101
10045 10046
10046 10045
10047 10048
10048 10047
466 101
4697 101
10049 10050
10050 10049
10049 10051
10051 10049
483 101
4901 101
10050 10051
10051 10050
1006 1007
1007 1006
1006 1008
1008 1006
1006 1009
1009 1006
10052 10053
10053 10052
10052 12316
12316 10052
10052 12317
12317 10052
1006 12871
12871 1006
1006 12872
12872 1006
5214 101
1006 2683
2683 1006
10054 10055
10055 10054
10054 10056
10056 10054
10055 10056
10056 10055
1006 4508
4508 1006
10057 10387
10387 10057
567 101
10059 10060
10060 10059
1007 1008
1008 1007
1007 1009
1009 1007
6123 101
10063 11055
11055 10063
10063 11353
11353 10063
10063 11955
11955 10063
10063 12094
12094 10063
10063 12560
12560 10063
10063 14194
14194 10063
628 101
10064 10065
10065 10064
10064 13091
13091 10064
643 101
6495 101
10066 12799
12799 10066
6675 101
10071 11161
11161 10071
10071 13203
13203 10071
10071 13204
13204 10071
10071 13935
13935 10071
10071 14845
14845 10071
1008 1009
1009 1008
721 101
741 101
10076 14170
14170 10076
10078 11976
11976 10078
10079 10080
10080 10079
7921 101
10082 10083
10083 10082
10085 10415
10415 10085
10085 11140
11140 10085
10085 11141
11141 10085
10085 11240
11240 10085
10085 11241
11241 10085
10085 12221
12221 10085
10085 13931
13931 10085
10085 13932
13932 10085
10085 13933
13933 10085
10085 14896
14896 10085
10086 14167
14167 10086
8653 101
876 101
10089 10090
10090 10089
10091 10092
10092 10091
10091 10093
10093 10091
10092 10093
10093 10092
10094 10095
10095 10094
9715 101
10099 10320
10320 10099
10099 11053
11053 10099
10099 11372
11372 10099
992 101
11 101
1011 1012
1012 1011
1011 1013
1013 1011
1011 1351
1351 1011
10103 10104
10104 10103
10103 10105
10105 10103
10103 14345
14345 10103
10103 14346
14346 10103
10104 10105
10105 10104
10104 14345
14345 10104
10104 14346
14346 10104
11 10320
10320 11
10105 12014
12014 10105
10105 12998
12998 10105
10105 12999
12999 10105
10105 14344
14344 10105
10105 14345
14345 10105
10105 14346
14346 10105
1011 4400
4400 1011
11 1045
1045 11
1011 4522
4522 1011
10106 10107
10107 10106
10106 10568
10568 10106
10106 12467
12467 10106
10106 12468
12468 10106
10106 12469
12469 10106
10106 12470
12470 10106
10106 12471
12471 10106
10106 12472
12472 10106
10106 13001
13001 10106
10106 13002
13002 10106
10106 14094
14094 10106
10106 14460
14460 10106
10106 14696
14696 10106
10106 14697
14697 10106
10107 10568
10568 10107
10107 12467
12467 10107
10107 12468
12468 10107
10107 12469
12469 10107
10107 12470
12470 10107
10107 12471
12471 10107
10107 12472
12472 10107
10107 13001
13001 10107
10107 13002
13002 10107
10107 14094
14094 10107
10107 14460
14460 10107
10107 14696
14696 10107
10107 14697
14697 10107
1011 6842
6842 1011
10108 10109
10109 10108
10108 10426
10426 10108
11 10774
10774 11
10110 10111
10111 10110
10110 10112
10112 10110
10110 10113
10113 10110
11 12
12 11
10111 10112
10112 10111
10111 10113
10113 10111
102 103
103 102
1012 1013
1013 1012
10112 10113
10113 10112
10113 11270
11270 10113
10113 13231
13231 10113
10114 10115
10115 10114
10114 10116
10116 10114
102 1406
1406 102
10115 10116
10116 10115
