391453
191159
190644
750055
191084
191085
191297
191160
886122
307950
84968
191298
842132
190727
190643
40560
867667
126391
967369
842007
190642
391452
886001
126617
42712
310987
628588
957391
905414
191299
348341
85195
86530
190620
749261
566259
957482
191268
566261
191024
68313
682260
22985
955285
191113
191086
419860
122815
158092
190726
947569
151908
2388
55537
964120
598870
207147
842511
85465
818601
684487
124682
842648
191025
155816
190729
543796
190996
124451
130677
635551
955306
190645
854854
748148
517243
969107
13002
705955
500320
489510
180441
889050
867669
546498
426368
106628
955312
487434
747243
965966
129466
14218
489738
176664
401909
480887
929446
834003
704146